# 'F' must be included if file has three columns!
F
# Contents of current scaler buffer
# Channel	Content	GatedDifference
1   270850.0       8.0
2   111796.0        9.0
3   188183.0       72.0
4  3907712.0      963.0
5   460661.0       79.0
6  4762060.0     1605.0
7        0.0        0.0
8        0.0        0.0
9  9834785.0     3128.0
10  3552921.0     1036.0
11 23806540.0     9817.0
12 18623088.0     7034.0
13 22732348.0     8962.0
14 150249856.0    60030.0
15 172002608.0    69006.0
16 74062704.0    36218.0
17   332291.0       91.0
18 33547148.0    14293.0
19   987208.0      465.0
20   291270.0      157.0
21   967661.0      490.0
22 34969272.0    14945.0
23 153674416.0    64206.0
24 114679160.0    43192.0
25 63048408.0    26908.0
26 89100896.0    42894.0
27 129090920.0    45123.0
28 189921472.0    80292.0
29 177177344.0    75457.0
30 199396384.0    84762.0
31        0.0        0.0
32 114023632.0    48110.0
33 111518744.0    46869.0
34 101654440.0    42547.0
35 135828176.0    56815.0
36 135674816.0    63601.0
37 57197752.0    23783.0
38 48217148.0    22758.0
39 103836048.0    43620.0
40 128649704.0    54845.0
41 154705776.0    65437.0
42 118202536.0    61891.0
43 164093936.0    54848.0
44 94974488.0    38659.0
45 116593440.0    49505.0
46 126455912.0    51287.0
47 177799600.0    65765.0
48 92173984.0    38193.0
49 125172496.0    52531.0
50 111106976.0    47044.0
51 114622840.0    48367.0
52 81699816.0    34233.0
53 74579384.0    29361.0
54 146395632.0    60840.0
55 60310636.0    25271.0
56 52559748.0    21740.0
57 89766104.0    37601.0
58 108421184.0    46688.0
59 179508784.0    76337.0
60 73768960.0    30481.0
61 46150740.0    19402.0
62 148277088.0    63220.0
63 137910736.0    58161.0
64 202241456.0    83302.0
65 145595744.0    62775.0
66 61873788.0    26384.0
67 61899624.0    26210.0
68 245362656.0   104780.0
69 90873736.0    38520.0
70 153018368.0    64569.0
71 184362880.0    79586.0
72 209279200.0    89665.0
73 234270192.0   100186.0
74 135529616.0    58158.0
75 163455584.0    69808.0
76 200295648.0    84950.0
77 141998656.0    60279.0
78 203639392.0    86314.0
79 231488816.0    97437.0
80 212227696.0    90110.0
81 196960624.0    81821.0
82 176028976.0    72134.0
83 212848544.0    87065.0
84        0.0        0.0
85        0.0        0.0
86 209398656.0    79368.0
87 219610832.0    89867.0
88 226618656.0    92833.0
89 235816272.0   101127.0
90 207043120.0    87452.0
91 224022624.0    93568.0
92 199190096.0    83318.0
93 232694320.0    97214.0
94 243453808.0   102930.0
95 227975536.0    95192.0
96 236438928.0    90870.0
97 203274176.0    84499.0
98 236046384.0    98534.0
99 273643872.0    96192.0
100 146274352.0    59931.0
101 79292072.0    31907.0
102 175926256.0    71678.0
103 165773216.0    67529.0
104 124846872.0    57015.0
105 128975552.0    52444.0
106 114952648.0    46581.0
107 166957312.0    58673.0
108        0.0        0.0
109  6154777.0     1606.0
110 304231616.0   122866.0
111 134854752.0    55017.0
112 147091136.0    58541.0
113 138112256.0    56189.0
114 232322608.0    94848.0
115 232150432.0    88527.0
116 150607808.0    58170.0
117 134550720.0    54849.0
118 231960160.0   104410.0
119 136203088.0    68743.0
120 144145200.0    51580.0
121 267863232.0   108768.0
122 245564160.0    98446.0
123 239131760.0    96271.0
124 326862752.0   130662.0
125 205936848.0    82049.0
126 265052176.0   105956.0
127 266261792.0   105012.0
128 294959392.0   116941.0
129 234461856.0    92590.0
130 286169536.0   113049.0
131 193260160.0    69491.0
132 296589216.0   116295.0
133 295035648.0   115128.0
134 298481472.0   118210.0
135 220726080.0    87161.0
136 311674208.0    98015.0
137 322585920.0   127301.0
138 289601280.0   113639.0
139 264623008.0    95433.0
140 161750288.0    55392.0
141 311058272.0   121069.0
142 313049856.0   122188.0
143 312222368.0   113013.0
144 312860224.0   121311.0
145 311032832.0   120029.0
146 272515616.0   104388.0
147 295171296.0   112157.0
148 359721344.0   140545.0
149 307565408.0   120625.0
150 293044704.0   126295.0
151 264034432.0   132624.0
152 322304576.0   104754.0
153 295826144.0   111998.0
154 311068992.0   117433.0
155 282898336.0   106380.0
156 275929280.0   103546.0
157 382991040.0   144728.0
158 323315712.0   121581.0
159 296704672.0   110767.0
160 430627488.0   162643.0
161 395159232.0   149410.0
162 491980704.0   183632.0
163 274343616.0   102588.0
164 241379056.0    61896.0
165 217806272.0    80627.0
166 333656096.0   123261.0
167 361215200.0   147425.0
168 368119872.0   135947.0
169 304260480.0   112386.0
170 336339968.0   137243.0
171 369143296.0    96394.0
172 178765168.0    68920.0
173 192532704.0    70785.0
174 424983552.0   154725.0
175 436928000.0   133504.0
176 367243904.0   132003.0
177 330433696.0   120106.0
178 403932704.0   146158.0
179 311444768.0   112455.0
180 413912928.0   150380.0
181 281694272.0    94647.0
182 396182528.0   134480.0
183 330579328.0   123556.0
184 474347232.0   170875.0
185 363041408.0   129596.0
186 355385888.0   126798.0
187 473228416.0   167196.0
188 101365648.0    27317.0
189 424680096.0   148871.0
190 455540736.0   161375.0
191 399454752.0   141506.0
192 418720768.0   147774.0
193 261787584.0    97070.0
194 403797696.0   115405.0
195 405114016.0   142035.0
196 533185632.0   191076.0
197 489814208.0   170756.0
198 494035520.0   163334.0
199 435231968.0   0.0
200 472317088.0   167257.0
201 438534656.0   154296.0
202 226291808.0    78136.0
203 229941472.0    57628.0
204 497715328.0   151055.0
205 454081952.0   158061.0
206 397273984.0   134279.0
207 477401792.0   128883.0
208 87741984.0    29620.0
209 293998624.0   115827.0
210 352749888.0   118972.0
211 502179488.0   141898.0
212 509009728.0   172706.0
213 509051136.0   172752.0
214 489710272.0   168643.0
215 568116608.0   190713.0
216 551679488.0   185669.0
217 413873024.0   139239.0
218 548890112.0   182876.0
219 672828608.0   220489.0
220 288679104.0    92432.0
221 302847392.0    98759.0
222 585681920.0   194669.0
223 621736960.0   204154.0
224 521719136.0   172385.0
225 387546016.0   126980.0
226 517817312.0   169078.0
227 321951040.0   105241.0
228 546521088.0   175514.0
229 612074368.0   199610.0
230 597370240.0   190411.0
231 399840832.0    99248.0
232 645793088.0   191418.0
233 669560320.0   134760.0
234 673809600.0   217447.0
235 691740544.0   218219.0
236 387603040.0   122642.0
237 705945472.0   222433.0
238 615536064.0   191529.0
239 56496268.0    17361.0
240 54404720.0    16762.0
241 726403584.0   226104.0
242 778125824.0   180705.0
243 672272128.0   210244.0
244 544538496.0   209606.0
245 724576448.0   222233.0
246 733652672.0   223422.0
247 714841984.0   214909.0
248 749883008.0   226261.0
249 721090560.0   219421.0
250 808075392.0   244540.0
251 721913536.0   262812.0
252 363238016.0   107745.0
253 275722944.0    80698.0
254 825971584.0   161629.0
255 880900224.0   259631.0
256 944494016.0   219990.0
257 618763200.0   182985.0
258 658431744.0   192756.0
259 917993984.0   265448.0
260 921554560.0   263859.0
261 934651648.0   266746.0
262 797052928.0   228341.0
263 673942208.0   174580.0
264 905806720.0   125884.0
265 559023616.0   127871.0
266 947514112.0   267213.0
267 874587136.0   246652.0
268 964019840.0   268340.0
269 984507520.0   272988.0
270 913707584.0   252168.0
271 966475712.0   277094.0
272 938721152.0   262471.0
273 941567296.0   258354.0
274 1020284032.0   216066.0
275 1010211392.0   269942.0
276 1065165568.0   429840.0
277 889057728.0   236914.0
278 895622208.0   235632.0
279 626396992.0   160257.0
280 469883808.0   118126.0
281 757191680.0   193233.0
282 919236672.0   234748.0
283 721059328.0   238780.0
284 762804864.0   195727.0
285 557191616.0   138845.0
286 688808640.0    92229.0
287 875182656.0   214395.0
288 450116352.0   103898.0
289 548693696.0   131163.0
290 1139730816.0   278984.0
291 1119095808.0   272443.0
292 675441600.0   159732.0
293 859249280.0   199819.0
294 802226432.0   187918.0
295 543798528.0   124071.0
296 533467520.0   111132.0
297 388918176.0    79724.0
298 268774688.0    55016.0
299 282680352.0    58503.0
300 1199048192.0   266296.0
301 1385383168.0   306113.0
302 1443809024.0   316099.0
303 1404948608.0   167258.0
304 509360032.0   105138.0
305 414608224.0    81498.0
306 923920384.0   128898.0
307 1146088704.0   235346.0
308 1352747904.0   324548.0
309 1642267008.0   120274.0
310 1538149504.0   308412.0
311 1275441536.0   249291.0
312 1475998720.0   283284.0
313 1160524672.0   292248.0
314 1145379456.0   213470.0
315 1680250880.0   376008.0
316 1653345408.0   302681.0
317 1812358528.0   518091.0
318 1795817088.0   230319.0
319 1824680960.0   277343.0
320 1902456192.0   395017.0
321        0.0        0.0
322        0.0        0.0
323        0.0        0.0
324        0.0        0.0
325        0.0        0.0
326        0.0        0.0
327        0.0        0.0
328        0.0        0.0
329        0.0        0.0
330        0.0        0.0
331        0.0        0.0
332        0.0        0.0
333        0.0        0.0
334        0.0        0.0
335        0.0        0.0
336        0.0        0.0
337        0.0        0.0
338        0.0        0.0
339        0.0        0.0
340        0.0        0.0
341        0.0        0.0
342        0.0        0.0
343        0.0        0.0
344        0.0        0.0
345        0.0        0.0
346        0.0        0.0
347        0.0        0.0
348        0.0        0.0
349        0.0        0.0
350        0.0        0.0
351        0.0        0.0
352        0.0        0.0
