3680	64.20988346
3681	64.19173253
3682	64.18246204
3683	64.17322571
3684	64.15560735
3685	64.13801023
3686	64.12049718
3687	64.10301622
3688	64.08556189
3689	64.07611559
3690	64.07512434
3691	64.06612188
3692	64.05115881
3693	64.04364174
3694	64.03369404
3695	64.01642772
3696	63.99922061
3697	63.98207267
3698	63.9650329
3699	63.94801402
3700	63.93127485
3701	63.90346586
3705	63.87473799
3706	63.85650217
3707	63.83849466
3708	63.82065813
3709	63.80258459
3710	63.78413017
3711	63.76541477
3712	63.75256233
3713	63.7486256
3714	63.74759866
3715	63.73971519
3716	63.7317485
3717	63.72222943
3718	63.71077312
3719	63.69935959
3720	63.68161351
3721	63.66375841
3722	63.64569133
3723	63.6275182
3724	63.6096105
3725	63.59940225
3726	63.58914956
3727	63.57961386
3728	63.57835934
3729	63.57702627
3730	63.56725398
3731	63.54940657
3732	63.53173205
3733	63.51897814
3734	63.50626197
3735	63.48866167
3736	63.47096617
3737	63.43813664
3741	63.40517008
3742	63.38705752
3743	63.36915268
3744	63.35147699
3745	63.33389259
3746	63.31638594
3747	63.2963727
3748	63.27635769
3749	63.2588939
3750	63.2416182
3751	63.22445768
3752	63.20716714
3753	63.18974399
3754	63.17198104
3755	63.15391087
3756	63.13582973
3757	63.12378209
3758	63.11168297
3759	63.09353863
3760	63.07549628
3761	63.05777619
3762	63.04003421
3763	63.02232409
3764	63.00478541
3765	62.98652148
3766	62.96362053
3767	62.91922452
3771	62.88417459
3772	62.87382017
3773	62.85616477
3774	62.84453742
3775	62.83547757
3776	62.81779814
3777	62.80000324
3778	62.78210905
3779	62.76925952
3780	62.75649553
3781	62.73871533
3782	62.7209669
3783	62.71004337
3784	62.69920726
3785	62.68167035
3786	62.6640342
3787	62.64616539
3788	62.62804279
3789	62.60989341
3790	62.59710047
3791	62.59297634
3792	62.59242683
3793	62.59159724
3794	62.58177639
3795	62.5638004
3796	62.5459042
3797	62.51599888
3801	62.48643274
3802	62.47133544
3803	62.45644673
3804	62.43937421
3805	62.42245799
3806	62.40543996
3807	62.38805169
3808	62.37928627
3809	62.37049284
3810	62.36047281
3811	62.34925601
3812	62.33035333
3813	62.31260623
3814	62.2948695
3815	62.27712188
3816	62.25939525
3817	62.24168692
3818	62.22406584
3819	62.20627477
3820	62.18872732
3821	62.17149481
3822	62.15403929
3823	62.1355771
3824	62.11722629
3825	62.09948695
3826	62.08142724
3827	62.04194176
3828	61.96651608
3833	61.9208202
3834	61.90843453
3835	61.89644701
3836	61.89592736
3837	61.89566621
3838	61.89535231
3840	61.89447393
3841	61.89361931
3842	61.88772692
3843	61.87404523
3844	61.86230692
3845	61.85780413
3846	61.8568103
3847	61.85648078
3848	61.85631734
3849	61.85604845
3850	61.85563722
3851	61.84659341
3852	61.82899459
3853	61.81159571
3854	61.79469156
3855	61.77805267
3856	61.76147354
3857	61.74485413
3858	61.72827602
3859	61.71175495
3860	61.69975556
3861	61.68792412
3862	61.67569543
3863	61.67150585
3864	61.66315645
3865	61.64663968
3866	61.63000651
3867	61.57606632
3872	61.52991364
3873	61.50998274
3874	61.48658096
3875	61.48216317
3876	61.47911596
3877	61.47213129
3878	61.4564095
3879	61.44186218
3880	61.43681398
3881	61.42639945
3882	61.41656774
3883	61.40436144
3884	61.38511737
3885	61.37623128
3886	61.37555383
3887	61.36700388
3888	61.35035728
3889	61.33376746
3890	61.31711941
3891	61.30044454
3892	61.28382904
3893	61.26731988
3894	61.25069509
3895	61.23402262
3896	61.21740165
3897	61.19914726
3898	61.18588899
3899	61.15733504
3903	61.12421217
3905	61.11536907
3906	61.1008504
3907	61.08695477
3908	61.08294575
3909	61.07080575
3910	61.05419786
3911	61.04415517
3912	61.03525081
3913	61.0271592
3914	61.02361442
3915	61.01713135
3916	61.01304111
3917	61.0128929
3918	61.01005876
3919	61.00614318
3920	61.00396971
3921	60.99996873
3922	60.99680766
3923	60.98968803
3924	60.97420137
3925	60.95712876
3926	60.94017261
3927	60.92331464
3928	60.90842627
3929	60.89335989
3930	60.87620355
3931	60.85915578
3932	60.8421465
3933	60.82514715
3934	60.80818106
3935	60.79119639
3936	60.77421387
3937	60.75725422
3938	60.74035367
3939	60.7234164
3940	60.68903877
3944	60.66207651
3945	60.65135131
3946	60.63310292
3947	60.61585199
3948	60.59835805
3949	60.58085108
3950	60.56375181
3951	60.5469025
3952	60.53003208
3953	60.51306062
3954	60.49612229
3955	60.47936911
3956	60.46277518
3957	60.44604155
3958	60.42924301
3959	60.41256758
3960	60.3959302
3961	60.37931028
3962	60.36282869
3963	60.34654964
3964	60.33042666
3965	60.31434912
3966	60.29827844
3967	60.28218892
3968	60.27294106
3969	60.24674648
3974	60.21169696
3975	60.19330894
3976	60.17668322
3977	60.16010312
3978	60.14343274
3979	60.1309977
3980	60.11891111
3981	60.10254159
3982	60.08861948
3983	60.07449578
3984	60.05812043
3985	60.04218199
3986	60.02597662
3987	60.00988047
3988	59.99389091
3989	59.98087585
3990	59.97294958
3991	59.96208046
3992	59.94566678
3993	59.9277533
3994	59.90984773
3995	59.8931931
3996	-63.29422248
4000	-63.19574073
4001	-63.16232341
4002	-63.12862052
4003	-63.07609585
4004	-63.02397815
4005	-62.97258628
4006	-62.93726572
4007	-62.90106716
4008	-62.84834368
4009	-62.79463882
4010	-62.76726521
4011	-62.76229495
4012	-62.73095781
4013	-62.6999633
4014	-62.66753919
4015	-62.62794586
4016	-62.58866101
4017	-62.53258621
4018	-62.49358417
4019	-62.4539036
4020	-62.39609982
4021	-62.33913665
4022	-62.28203743
4023	-62.22517838
4024	-62.16909648
4025	-62.13638407
4026	-62.05730571
4031	-61.94664263
4032	-61.88179178
4033	-61.85287213
4034	-61.82447509
4035	-61.79520906
4036	-61.72183353
4037	-61.64197146
4038	-61.60502139
4039	-61.54660955
4040	-61.48854002
4041	-61.43074447
4042	-61.39139332
4043	-61.35231997
4044	-61.31297698
4045	-61.28138786
4046	-61.25751545
4047	-61.2265347
4048	-61.19735016
4049	-61.16831384
4050	-61.1119767
4051	-61.05527248
4052	-60.99883017
4053	-60.94244004
4054	-60.88616052
4055	-60.82913989
4056	-60.77178065
4057	-60.70076164
4058	-60.65124754
4059	-60.55201638
4063	-60.4292569
4064	-60.37118104
4065	-60.31647209
4066	-60.26261496
4067	-60.19201748
4068	-60.12099114
4069	-60.09310881
4070	-60.06206575
4071	-60.00452396
4072	-59.97701667
4073	-59.94903656
4074	-59.92119285
4075	-59.89318946
4076	-59.86263582
4077	-59.85971933
4078	-59.85906211
4079	-59.83145727
4080	-59.7767698
4081	-59.72173889
4082	-59.66705344
4083	-59.61250806
4084	-59.5571216
4085	-59.50155794
4086	-59.43957679
4087	-59.37839363
4088	-59.32514614
4089	-59.2721091
4090	-59.19080243
4095	-59.1056405
4096	-59.03851314
4097	-58.97592973
4098	-58.93423623
4099	-58.90500445
4100	-58.88877354
4101	-58.88546001
4102	-58.85889384
4103	-58.80758916
4104	-58.75729687
4105	-58.70743434
4106	-58.65746116
4107	-58.60766726
4108	-58.5579317
4109	-58.506793
4110	-58.45554654
4111	-58.40577174
4112	-58.37084165
4113	-58.33552414
4114	-58.28493963
4115	-58.23467871
4116	-58.18488436
4117	-58.13799697
4118	-58.09066901
4119	-58.03965162
4120	-57.98911675
4121	-57.9608549
4122	-57.95710838
4123	-57.93077817
4124	-57.87964701
4125	-57.78052539
4129	-57.67050755
4130	-57.60726331
4131	-57.55391371
4132	-57.50164731
4133	-57.45003548
4134	-57.39869055
4135	-57.34696651
4136	-57.30071502
4137	-57.25458727
4138	-57.22702112
4139	-57.19998636
4140	-57.1484649
4141	-57.09612005
4142	-57.04751063
4143	-57.0109751
4144	-56.97137443
4145	-56.92025419
4146	-56.89414517
4147	-56.86794666
4148	-56.81408874
4149	-56.7655013
4150	-56.71825534
4151	-56.68509688
4152	-56.65257203
4153	-56.60887721
4181	-63.96220453
4182	-63.92439866
4183	-63.89954072
4184	-63.8874024
4185	-63.87536479
4186	-63.86875654
4187	-63.84084711
4188	-63.79520196
4189	-63.76202896
4190	-63.74320694
4191	-63.71881206
4192	-63.69989651
4193	-63.68911233
4194	-63.66743504
4195	-63.63775926
4196	-63.60815446
4197	-63.57866137
4198	-63.54980191
4199	-63.5199445
4200	-63.48984848
4201	-63.46150181
4202	-63.43317594
4203	-63.40491969
4204	-63.3771316
4205	-63.34916866
4206	-63.32138061
4207	-63.293881
4208	-63.26628775
4209	-63.23853606
4210	-63.15395966
4215	-63.07048407
4216	-63.03846473
4217	-62.9459704
4218	-62.86941914
4219	-62.84659294
4220	-62.82485563
4221	-62.8219122
4222	-62.81767067
4223	-62.81387289
4224	-62.81081709
4226	-62.80510904
4227	-62.80146518
4228	-62.79872437
4229	-62.79633029
4230	-62.73890772
4231	-62.67366112
4232	-62.6622061
4233	-62.65450893
4234	-62.64477019
4235	-62.63363401
4236	-62.62634229
4237	-62.62267665
4238	-62.61958193
4239	-62.61459854
4240	-62.60732511
4241	-62.58603208
4242	-62.55133596
4243	-62.53334492
4244	-62.51223754
4245	-62.47028471
4246	-62.42885688
4247	-62.39296645
4248	-62.35690454
4249	-62.33651285
4250	-62.31498397
4251	-62.29163142
4252	-62.26792795
4253	-62.24497656
4254	-62.22558795
4255	-62.18719604
4256	-62.16320514
4257	-62.15961449
4258	-62.13899219
4259	-62.09944207
4260	-62.05803712
4261	-62.02891243
4262	-62.00308039
4263	-61.97710795
4264	-61.9502478
4265	-61.92944853
4266	-61.92757249
4267	-61.91781162
4268	-61.89060377
4269	-61.85487986
4270	-61.81807357
4271	-61.78220118
4272	-61.76495463
4273	-61.73924044
4274	-61.61034758
4278	-61.48820347
4279	-61.46173666
4280	-61.44921742
4281	-61.35743246
4287	-61.26789225
4288	-61.26352759
4289	-61.25620666
4290	-61.23803002
4291	-61.21190661
4292	-61.18496968
4293	-61.15952836
4294	-61.13562787
4295	-61.10961875
4296	-61.07733262
4297	-61.04636433
4298	-61.02023653
4299	-60.99469928
4300	-60.98012255
4301	-60.9629747
4302	-60.93093811
4303	-60.91130985
4304	-60.90834661
4305	-60.89458781
4306	-60.8779485
4307	-60.86315748
4308	-60.83870119
4309	-60.82335757
4310	-60.80862665
4311	-60.78139126
4312	-60.75745916
4313	-60.73158754
4314	-60.70278927
4315	-60.68906911
4316	-60.6745109
4317	-60.64957767
4318	-60.63733283
4319	-60.62262362
4320	-60.59117033
4321	-60.56176232
4322	-60.53700752
4323	-60.5236589
4324	-60.50988602
4325	-60.48528441
4326	-60.47013083
4327	-60.46419309
4328	-60.37462341
4335	-60.244937
4336	-60.14538443
4339	-60.0883728
4340	-60.08609747
4341	-60.06752782
4342	-60.03429724
4343	-60.00646894
4344	-59.98289586
4345	-59.95915502
4346	-59.93526971
4347	-59.90860235
4348	-59.89184807
4349	-59.87755796
4350	-59.85014802
4351	-59.82088466
4352	-59.805245
4353	-59.78881126
4354	-59.75768319
4355	-59.72686267
4356	-59.69880138
4357	-59.67106732
4358	-59.64415768
4359	-59.61706121
4360	-59.58499
4361	-59.56273698
4362	-59.54515456
4363	-59.5212508
4364	-59.49750175
4365	-59.47180783
4366	-59.44547641
4367	-59.41435169
4368	-59.38439429
4369	-59.35889399
4370	-59.3454852
4371	-59.33271157
4372	-59.30706598
4373	-59.27608982
4374	-59.16199073
4375	-59.0505747
4376	-59.02097497
4377	-59.0027345
4385	-58.70102711
4386	-58.66844707
4428	-57.16901089
4429	-57.13340876
4430	-57.09610646
4431	-57.05751016
4432	-57.02204334
4433	-56.98842003
4434	-56.93221574
4435	-56.8741103
4436	-56.83435817
4437	-56.79207497
4438	-56.7313671
4440	-56.67275372
4441	-56.6519592
4442	-56.65068661
4443	-56.64983581
4444	-56.6492468
4445	-56.62760316
4446	-56.58874245
4447	-56.55822048
4448	-56.53862916
4449	-56.53018209
4450	-56.42762634
4451	-56.22707099
4452	-56.10910968
4453	-56.08513102
4454	-56.06658878
4455	-56.04557063
4456	-56.0355788
4457	-56.01416244
4458	-55.97436471
4459	-55.93481783
4460	-55.89439487
4461	-55.87202121
4462	-55.85474676
4463	-55.83820874
4464	-55.8168893
4465	-55.77486191
4466	-55.72853098
4467	-55.68044453
4468	-55.64355517
4469	-55.61669127
4470	-55.58972617
4471	-55.56044909
4472	-55.52147261
4473	-55.49228134
4474	-55.46809635
4475	-55.4287364
4476	-55.386205
4477	-55.34563147
4478	-55.30544972
4479	-55.28129649
4480	-55.25588417
4481	-55.21091275
4482	-55.03064396
4492	-54.87140714
4493	-54.85097785
4494	-54.81279458
4495	-54.76786741
4496	-54.74199545
4497	-54.7136354
4498	-54.66996845
4499	-54.63066994
4500	-54.58524042
4501	-54.53872855
4502	-54.48922065
4503	-54.44727736
4504	-54.40760116
4505	-54.36424825
4506	-54.34304513
4507	-54.31877532
4508	-54.27290153
