##From November 2013 data
Gifs show the enhancements, fits and pol.
The names of the files show the TaggingEfficiency run numbers for amo, para,perp


##350##
Enh_amo339_para340_para350MeV.gif
Parameters: 0.002726 0.000099 8.751423 0.047023 1557.000000 2.000000 3.413188 0.679076 0.000000 0.000000 1.911184

Enh_amo431_perp420_perp350MeV.gif
Parameters: 0.002655 0.000116 10.415693 0.006643 1557.000000 2.000000 4.189569 0.888683 0.000000 0.000000 1.428934

##450##
Enh_amo639_para638_para450MeV.gif
Parameters: 0.003545 0.000118 1.570787 0.032836 1557.000000 2.000000 3.188467 0.707164 0.000000 0.000000 1.339943
Enh_amo1160_para1158_para450MeV.gif
Parameters: 0.003716 0.000128 1.330907 0.030401 1557.000000 2.000000 3.827893 0.734480 0.000000 0.000000 2.525392

Enh_amo1160_perp1159_perp450MeV.gif
Parameters: 0.003211 0.000167 1.635097 0.026541 1557.000000 2.000000 4.497691 1.063861 -0.004239 0.000000 1.318970

##550##
Enh_amo1113_para1112_para550MeV.gif
Parameters: 0.004692 0.000122 1.409683 0.037652 1557.000000 2.000000 3.598451 1.177936 0.000000 0.000000 1.536803

Enh_amo689_perp687_perp550MeV.gif
Parameters: 0.004813 0.000128 1.558392 0.053455 1557.000000 2.000000 2.976984 0.877339 0.098342 0.000000 2.913035

##650##
Enh_amo1002_para1000_para650MeV.gif
Parameters: 0.006225 0.000140 6.230329 0.135317 1557.000000 2.000000 2.959922 1.499995 0.000000 0.000000 2.001520

Enh_amo534_perp536_perp650MeV.gif
Parameters: 0.006551 0.000109 6.228000 0.093201 1557.000000 2.000000 2.583480 1.316784 0.000000 0.000000 2.228860
Enh_amo1002_perp1001_perp650MeV.gif
Parameters: 0.006021 0.000180 1.557986 0.058271 1557.000000 2.000000 3.134599 1.344003 0.000000 0.000000 1.286012

##750##
Enh_amo740_para739_para750MeV.gif
Parameters: 0.007962 0.000150 1.502456 0.059799 1557.000000 2.000000 2.618079 1.588836 0.000000 0.000000 1.827736
Enh_amo740_perp738_perp750MeV.gif
Parameters: 0.007858 0.000204 6.228000 0.099989 1557.000000 2.000000 2.415881 1.316396 0.000000 0.000000 1.752879



