File	pol
320	63.40508612
322	63.3953185
323	63.38666857
324	63.37813143
325	63.36945298
326	63.36051697
327	63.35177922
328	63.34309252
330	63.32403816
331	63.31510143
332	63.30644584
333	63.2975614
334	63.28760406
335	63.27859186
336	63.26973266
337	63.26112595
343	63.19542307
344	63.18628196
345	63.179211
346	63.17268283
347	63.16789484
352	63.16260788
353	63.15864176
354	63.1516638
355	63.14270882
356	63.13412884
357	63.12715122
358	63.12169503
359	63.11670279
360	63.10902721
361	63.0986929
362	63.08885902
363	63.08414829
365	63.07821132
372	63.06777809
376	63.05827034
377	63.04770812
378	63.03841124
379	63.02972499
381	63.02093133
383	63.01206099
385	62.991001
388	62.9793882
389	62.97094366
390	62.96477673
391	62.9575041
393	62.94780544
395	62.93798328
397	62.92742942
400	62.91702348
401	62.90786843
402	62.89824575
404	62.88886959
406	62.87970686
407	62.87100244
408	62.85793983
409	62.84834362
421	62.7609573
422	62.75496611
423	62.7464012
424	62.73782807
427	62.72857218
429	62.70983424
430	62.70341096
433	62.69307965
438	62.67668413
439	62.66792798
441	62.6590322
443	62.65005083
445	62.6385361
447	62.62897808
449	62.6194661
450	62.60993914
451	62.1953702
453	62.58898306
454	62.57937164
455	62.57004536
456	62.56093143
457	62.5521563
458	62.54340115
459	62.53429812
462	62.5234348
463	62.51462043
464	62.50562463
465	62.49694624
467	62.48694627
468	62.47765483
469	62.46900607
470	62.45993025
483	62.38667461
485	62.36902257
488	62.31738991
491	62.30653158
492	62.29512433
493	62.28641449
494	62.27761953
496	62.26814925
498	62.25933588
499	62.2503395
500	62.24165924
501	62.23263278
503	62.223167
504	62.21449519
506	62.20595977
508	61.79591565
509	62.18872002
512	62.17586672
515	62.16641191
516	62.15717977
517	62.14848223
518	62.13907582
519	62.13033659
520	62.12158694
521	62.11299911
522	62.10408437
523	62.09528724
524	62.0864774
525	62.07774324
526	62.06911263
527	62.06050414
529	62.05152487
531	62.04415317
539	61.98799798
540	61.97892006
541	61.96979703
542	61.96091446
543	61.95150162
544	61.94462453
545	61.93590104
549	61.91941355
551	61.91067273
552	61.90046739
553	61.89126084
554	61.88224114
555	61.87352875
556	61.86462984
558	61.85591762
559	61.84715101
560	61.83876329
561	61.83023077
562	61.82187777
563	61.81331747
564	61.80438323
565	61.39689187
566	61.7732601
567	61.76459314
568	61.75598986
569	61.74715182
570	61.73823639
571	61.72901465
572	61.71993766
573	61.71110939
575	61.69383804
576	61.68522152
577	61.67635894
578	61.66756463
580	61.65891943
581	61.65002136
589	61.58847231
590	61.57973898
591	61.57046248
592	61.56164407
593	61.55202898
609	61.44711034
612	61.43092557
613	61.4220512
614	61.41359459
615	61.40419357
616	61.39464219
617	61.38670683
618	61.37847125
621	61.36313222
622	61.35425155
623	61.34549858
624	61.33695369
625	61.32852487
626	61.31981462
627	61.31109183
628	61.30363124
629	61.29536546
630	61.28747279
631	61.2795421
632	61.27208534
633	61.26473049
634	61.25482441
635	61.24491764
641	61.17753585
645	61.163237
646	61.13562051
647	61.12628037
648	61.10691066
649	61.09787936
650	61.0892385
653	61.06741631
654	61.06181327
656	61.05144821
657	61.04420676
659	61.03644933
660	61.03287512
662	61.01912218
663	61.01198057
664	61.00654262
665	60.60627802
666	60.99131482
667	60.98282155
668	60.97420381
669	60.96537942
670	60.95685779
671	60.94837616
672	60.93955095
673	60.93058548
674	60.92212348
675	60.91345955
676	60.9050045
678	60.89644566
679	60.88789488
680	60.87921756
681	60.87070113
682	60.86148583
684	60.85300152
691	60.80028892
692	60.79083603
693	60.78215432
694	60.77490154
695	60.76805262
696	60.75992735
697	60.75180999
699	60.74050532
700	60.73346913
702	60.72021363
703	60.71137824
704	60.70303311
706	60.69439351
708	60.68589384
709	60.67715665
710	60.66860029
711	60.65956104
712	60.65061858
713	60.64195463
714	60.63341232
715	60.62423522
716	60.61552281
717	60.21612484
718	60.59885551
719	60.58992654
720	60.58073333
721	60.57237666
722	60.56392357
723	60.55579837
724	60.54782398
725	60.53942648
726	60.53128189
727	60.52287762
728	60.51479874
729	60.50599097
730	60.49755621
731	60.48901837
732	60.48052027
733	60.47181718
735	60.46050798
743	60.38886652
744	60.38052275
745	60.37219596
746	60.36520695
748	60.28099772
751	60.26905807
753	60.25961326
754	60.25013381
755	60.24066263
756	60.23202791
757	60.22378928
759	60.21214747
760	60.2034627
761	60.19486037
762	60.18568876
763	60.17702584
764	60.16831007
765	60.15967895
766	60.15103555
767	60.14196751
768	60.13215061
770	60.11212972
771	60.10315987
772	60.09467094
773	60.08585003
774	60.07719698
775	60.06858794
776	60.06001613
777	60.05136905
778	60.04296393
779	60.03439578
780	60.02548701
781	60.01672347
782	60.00816356
783	59.99960263
784	59.99090581
785	59.98188663
786	59.97283511
787	59.96391301
796	59.86323998
797	59.85482306
798	59.8458647
799	59.83677766
801	59.43904113
803	59.78939851
804	59.78064929
805	59.77228653
806	59.76396749
807	59.75556677
808	59.74712022
809	59.73866814
860	-64.00780715
861	-63.97915194
862	-63.94967439
863	-63.92125572
864	-63.89290047
865	-63.86542814
866	-63.83789512
867	-63.80975077
868	-63.78153915
869	-63.7548894
870	-63.72795406
871	-62.46308375
872	-63.67242546
873	-63.63680155
874	-63.60985831
875	-63.58240659
876	-63.55568125
878	-63.52825291
879	-63.50263207
882	-63.46800411
883	-63.44190324
884	-63.41521536
885	-63.38843072
886	-63.36160703
887	-63.33501766
888	-63.30800089
889	-63.27982426
890	-63.25191158
905	-63.06026882
906	-63.03357684
907	-63.00705357
908	-62.97973326
910	-62.94521887
911	-62.90506529
912	-62.77735758
913	-62.74810593
914	-62.72081955
915	-62.69467708
917	-62.65319624
918	-62.62527548
920	-62.5903796
921	-62.56120798
922	-62.53215647
923	-62.50534021
924	-62.47786849
925	-62.44905426
926	-62.42271314
930	-62.38958805
931	-62.36378902
932	-62.33777413
933	-62.31152949
934	-62.2850554
935	-62.25997129
936	-62.23385836
937	-62.20748791
938	-62.18150291
941	-61.90915665
942	-61.872601
977	-61.5793373
978	-61.53221417
979	-61.50366844
980	-61.47559672
981	-61.44884276
982	-61.42237248
983	-61.39686882
984	-61.37181485
985	-61.34668052
986	-61.32106902
987	-61.29490437
988	-61.26943277
989	-61.24542557
990	-61.21897321
991	-61.19217805
993	-61.16109507
994	-61.13576933
995	-61.10886485
996	-61.08223581
997	-61.05371856
998	-61.02390481
1004	-60.8737823
1006	-60.83585516
1007	-60.79617032
1043	-60.02053024
1044	-59.99499546
1045	-59.96557613
1046	-59.94152825
1047	-59.91734713
1048	-59.8936859
1049	-59.87017678
1050	-59.84526326
1051	-59.81836286
1052	-59.79258136
1053	-59.76651233
1054	-59.7416148
1055	-59.71806366
1056	-59.69501667
1057	-59.66945774
1058	-59.64306986
1059	-59.61749932
1060	-59.59170964
1067	-59.45076113
1068	-59.42688597
1069	-59.40279778
1070	-59.37892839
1072	-59.34987856
1073	-59.32409013
1074	-59.29731625
1075	-59.27237859
1076	-59.22815083
1077	-59.20066726
1078	-59.17370717
1079	-59.14638992
1080	-59.11895101
1081	-59.09137048
1082	-59.0639638
1083	-59.03833312
1084	-59.01373224
1085	-58.98823054
1086	-58.96378446
1087	-58.93098236
1089	-58.89198768
1091	-58.85854107
1092	-58.83569885
1093	-58.81269851
1094	-58.78903954
1096	-58.76056524
1097	-58.73542641
1098	-58.71041835
1099	-58.68505439
1100	-58.65983463
1101	-58.63499193
1102	-58.60969383
1103	-58.58432017
1104	-58.55938309
1106	-58.52667968
1107	-58.50073074
1108	-58.47485307
1115	-58.31905897
1116	-58.29414213
1117	-58.27110866
1118	-58.24800491
1119	-58.2244673
1120	-58.19816988
1121	-58.17233355
1122	-58.14602005
1123	-58.12273488
1125	-58.08351382
1126	-58.06314172
1127	-58.04301407
1128	-58.01754971
1131	-57.97405418
1132	-57.94757372
1133	-57.92199335
1134	-57.89609554
1135	-57.87053133
1136	-57.84421639
1137	-57.81696136
1138	-57.78910882
1139	-57.76056128
1140	-57.73016587
1141	-57.70137222
1142	-57.67172185
1143	-57.64268896
1144	-57.61751146
1145	-57.59437906
1147	-57.56182235
1148	-57.53719637
1149	-57.51216945
1150	-57.48751901
1151	-57.46344035
1152	-57.43947615
1153	-57.41484383
1154	-57.38900983
1155	-57.3649138
1156	-57.34025485
1178	-57.14243645
1179	-57.12067539
1180	-57.10143212
1185	-57.031745
1187	-56.976305
1188	-56.95218175
1192	-56.92479753
1193	-56.90036008
1194	-56.87539701
1195	-56.85042553
1196	-56.82925325
1197	-56.80811465
1198	-56.78377243
1199	-56.76005299
1200	-56.73562183
1201	-56.71205776
1202	-56.68480187
1203	-56.66033875
1204	-56.63429755
1205	-56.61310932
1206	-56.59057298
1207	-56.56803275
1208	-56.54542445
1209	-56.52310762
1210	-56.50108833
1211	-56.47967413
1212	-56.45712037
1213	-56.43428722
1214	-56.41124549
1215	-56.38870625
1216	-56.36373083
1217	-56.33696224
1218	-56.31302015
1219	-56.28999597
1220	-56.2667959
1223	-56.23934525
1224	-56.2138678
1228	-56.11043574
1231	-56.01875841
1232	-55.97314437
1234	-55.94823228
1235	-55.9241188
1236	-55.90018711
1238	-55.86973013
1239	-55.8460754
1240	-55.82101701
1241	-55.78957678
1242	-55.76599398
1243	-55.74275666
1245	-55.7219969
1246	-55.70040988
1247	-55.67596693
1248	-55.65228679
1249	-55.62881889
1250	-55.60587237
1251	-55.58204531
1252	-55.55890988
1253	-55.5420913
1254	-55.52258098
1255	-55.49459656
1256	-55.46830374
1257	-55.43900757
1259	-55.40817892
1260	-55.37992075
1261	-55.35169586
1263	-55.31866669
1264	-55.29033488
1265	-55.26204268
1266	-55.23421031
1267	-55.20479954
1268	-55.17777928
1269	-55.15418576
1270	-55.12844864
1280	-54.9760385
1281	-54.9525562
1282	-54.92683831
1283	-54.90342068
1284	-54.88022494
1285	-54.85802953
1286	-54.72805355
1287	-54.70339121
1288	-54.67895111
1289	-54.65403159
1290	-54.62881324
1291	-54.60817066
1293	-54.57923579
1294	-54.55168537
1295	-54.52434699
1296	-54.49721417
1297	-54.46969278
1298	-54.43449381
1299	-54.41224463
1300	-54.38145583
1301	-54.35235099
1302	-54.32235486
1303	-54.29231364
1304	-54.26411308
1305	-54.229214
1306	-54.19544519
1307	-54.16669826
1308	-54.13712429
1309	-54.10685369
1310	-54.07989792
1311	-54.05116932
1321	-53.88054356
1322	-53.85802461
1323	-53.8351238
1324	-53.8123855
1325	-53.79094573
1327	-53.73755149
1328	-53.71034663
1330	-53.66135897
1331	-53.63650728
1332	-53.61239163
1333	-53.58943703
1334	-53.56649225
1335	-53.54405592
1336	-53.5124457
1337	-53.48737749
1338	-53.45845368
1342	-53.28278828
1343	-53.26058569
1344	-53.2360768
1345	-53.20873909
1346	-53.18322126
1347	-53.15865741
1348	-53.13870915
	
	
	
	
	
	
	
	
	
