1 82874.00
2 1908596.00
3 1525995.00
4 2028501.00
5 3879874.00
6 316516.00
7 327290.00
8 3447179.00
9 5150449.00
10 4752952.00
11 5592881.00
12 4730756.00
13 5575561.00
14 5726303.00
15 5864724.00
16 3602755.00
17 4073160.00
18 2934085.00
19 2319328.00
20 5243702.00
21 4242039.00
22 1153410.00
23 1308959.00
24 5189418.00
25 4501087.00
26 4912977.00
27 6030552.00
28 4608454.00
29 4053737.00
30 5247406.00
31 3801080.00
32 2089740.00
33 4222709.00
34 2203058.00
35 2956130.00
36 4256914.00
37 2961554.00
38 3478489.00
39 4711117.00
40 1945916.00
41 2022540.00
42 2787657.00
43 3850938.00
44 4630115.00
45 6680010.00
46 4018177.00
47 5227847.00
48 4304141.00
49 5273415.00
50 4633106.00
51 4257630.00
52 4881619.00
53 3202293.00
54 2459557.00
55 3574374.00
56 6356920.00
57 3384041.00
58 3894552.00
59 3704338.00
60 6024434.00
61 3376889.00
62 6658744.00
63 6372559.00
64 5816255.00
65 5962915.00
66 4963996.00
67 3991357.00
68 5742102.00
69 5585760.00
70 6646987.00
71 5703659.00
72 6900696.00
73 6633626.00
74 5718659.00
75 5412859.00
76 5137572.00
77 5685223.00
78 7765037.00
79 7487285.00
80 7286879.00
81 7113069.00
82 8082154.00
83 6936080.00
84 6771223.00
85 6781335.00
86 6034922.00
87 6190058.00
88 6101062.00
89 5655927.00
90 6893527.00
91 7863426.00
92 5588337.00
93 4971989.00
94 7867797.00
95 6943017.00
96 7109072.00
97 7234007.00
98 7279095.00
99 8580644.00
100 7282460.00
101 7497366.00
102 7010113.00
103 7104355.00
104 5048306.00
105 4900928.00
106 5614105.00
107 7638843.00
108 9471264.00
109 8100828.00
110 8858424.00
111 6675202.00
112 7985242.00
113 9703646.00
114 8867155.00
115 9279354.00
116 9520371.00
117 9332469.00
118 7915396.00
119 8291598.00
120 9246703.00
121 10267322.00
122 10299051.00
123 6753661.00
124 6600172.00
125 7290761.00
126 9748284.00
127 9847895.00
128 10065606.00
129 9919458.00
130 9367391.00
131 10149842.00
132 10137941.00
133 10144732.00
134 10099078.00
135 10807839.00
136 10996581.00
137 10831071.00
138 12623903.00
139 8427107.00
140 10123791.00
141 11146798.00
142 11159444.00
143 11362958.00
144 10620946.00
145 10592941.00
146 6723273.00
147 7556365.00
148 11091779.00
149 10822327.00
150 7854194.00
151 8442414.00
152 11849893.00
153 13765028.00
154 9965066.00
155 6469846.00
156 6840684.00
157 12070318.00
158 9933441.00
159 10184828.00
160 12314462.00
161 12453134.00
162 15585120.00
163 9671929.00
164 9773397.00
165 7335769.00
166 9124129.00
167 12224776.00
168 12617039.00
169 12515275.00
170 8173330.00
171 8619771.00
172 13299453.00
173 14149070.00
174 1952383.00
175 1971348.00
176 14676335.00
177 14193242.00
178 13945327.00
179 11482975.00
180 11123122.00
181 15042036.00
182 14764259.00
183 14209266.00
184 11166298.00
185 11405198.00
186 14950655.00
187 14403576.00
188 15762991.00
189 15079248.00
190 16249165.00
191 15470106.00
192 16940312.00
193 1113.00
194 14054103.00
195 16312622.00
196 16152196.00
197 15515534.00
198 12953553.00
199 12899355.00
200 17990560.00
201 13273042.00
202 12942796.00
203 17776722.00
204 18069712.00
205 15899973.00
206 13749183.00
207 18495146.00
208 2544275.00
209 16272910.00
210 17944956.00
211 15960378.00
212 17227216.00
213 16731643.00
214 18979154.00
215 26437634.00
216 17265814.00
217 0.00
218 20112756.00
219 19566556.00
220 18606406.00
221 21588040.00
222 20220906.00
223 23940422.00
224 19878292.00
225 45130.00
226 6025596.00
227 12219595.00
228 22249866.00
229 22658086.00
230 2267569.00
231 23616884.00
232 25308608.00
233 13483401.00
234 20876160.00
235 24154646.00
236 25739396.00
237 23670118.00
238 22966790.00
239 20303172.00
240 22238708.00
241 25307250.00
242 28787056.00
243 24563848.00
244 23337378.00
245 25517132.00
246 25982608.00
247 26229016.00
248 27002764.00
249 26167592.00
250 31133532.00
251 22836544.00
252 28266974.00
253 26819750.00
254 0.00
255 0.00
256 29186160.00
257 31607818.00
258 30568968.00
259 32890656.00
260 31044372.00
261 30752240.00
262 31641640.00
263 24640212.00
264 353367.00
265 291791.00
266 27903054.00
267 30829090.00
268 30234590.00
269 31711212.00
270 36710280.00
271 31142070.00
272 37479056.00
273 31643666.00
274 26266296.00
275 35471868.00
276 35085828.00
277 35658500.00
278 96336.00
279 36818972.00
280 39341528.00
281 32545824.00
282 37460044.00
283 37272116.00
284 43547112.00
285 25743180.00
286 42066984.00
287 38850832.00
288 28212598.00
289 42354872.00
290 43897620.00
291 34044296.00
292 19205390.00
293 20791640.00
294 38162876.00
295 32032636.00
296 40360920.00
297 41368192.00
298 41325584.00
299 43114180.00
300 51820660.00
301 46064284.00
302 45074504.00
303 41081848.00
304 46522332.00
305 31093244.00
306 43250108.00
307 55610232.00
308 53196880.00
309 60289664.00
310 54178332.00
311 56613400.00
312 64749660.00
313 63339228.00
314 60607032.00
315 49186208.00
316 58654632.00
317 65022204.00
318 70075296.00
319 75090448.00
320 68288144.00
321 69543336.00
322 74661592.00
323 74591168.00
324 63998476.00
325 56547796.00
326 73563432.00
327 66439528.00
328 87716696.00
329 72511352.00
330 94748696.00
331 100317440.00
332 88864520.00
333 97058416.00
334 103129112.00
335 96529768.00
336 109689616.00
337 92367008.00
338 98905792.00
339 127330112.00
340 124340712.00
341 114720496.00
342 103973568.00
343 132857568.00
344 146751024.00
345 158466992.00
346 148815648.00
347 125433520.00
348 178433936.00
349 185781168.00
350 88371400.00
351 81620184.00
352 185460224.00
