1 87177.00
2 1923960.00
3 1556047.00
4 2149078.00
5 4046508.00
6 335206.00
7 357289.00
8 3646508.00
9 5368886.00
10 4999750.00
11 5892238.00
12 4919196.00
13 5859267.00
14 5994790.00
15 6148535.00
16 3790933.00
17 4248922.00
18 3006059.00
19 2364288.00
20 5451805.00
21 4343417.00
22 1202931.00
23 1393242.00
24 5407249.00
25 4740184.00
26 5213436.00
27 6174405.00
28 4825031.00
29 4132145.00
30 5346924.00
31 3987473.00
32 2260508.00
33 4392484.00
34 2310930.00
35 3107712.00
36 4495006.00
37 3071826.00
38 3666996.00
39 4972878.00
40 2034070.00
41 2107515.00
42 2989364.00
43 4137436.00
44 4920206.00
45 7091456.00
46 4255122.00
47 5553982.00
48 4575831.00
49 5598617.00
50 4921058.00
51 4515559.00
52 5221209.00
53 3408047.00
54 2684030.00
55 3903997.00
56 6675422.00
57 3563497.00
58 4221280.00
59 4037637.00
60 6254749.00
61 4214038.00
62 6978787.00
63 6712355.00
64 6219545.00
65 6267328.00
66 4994636.00
67 4054995.00
68 6140754.00
69 5895655.00
70 7014609.00
71 6066617.00
72 7313461.00
73 6039527.00
74 5856621.00
75 5808264.00
76 5537252.00
77 6017090.00
78 8184457.00
79 7863609.00
80 7691027.00
81 7505586.00
82 8498578.00
83 7327090.00
84 6940229.00
85 7164059.00
86 6415245.00
87 6571404.00
88 6416590.00
89 6053388.00
90 7291736.00
91 8296593.00
92 5932664.00
93 5278767.00
94 8289416.00
95 7382692.00
96 7549699.00
97 7737220.00
98 7705403.00
99 8302053.00
100 7616125.00
101 7841158.00
102 7327612.00
103 7405599.00
104 5350635.00
105 3601689.00
106 6117322.00
107 6352274.00
108 9942112.00
109 8446724.00
110 9137266.00
111 7211929.00
112 6179461.00
113 10121359.00
114 9327817.00
115 9761765.00
116 10012533.00
117 9783792.00
118 8512908.00
119 8627891.00
120 9694206.00
121 10813327.00
122 10814636.00
123 6922550.00
124 6790637.00
125 7632360.00
126 10276852.00
127 10335272.00
128 10566029.00
129 10448948.00
130 9874986.00
131 10675413.00
132 10667263.00
133 10693749.00
134 10655287.00
135 11339448.00
136 11555898.00
137 11367452.00
138 13239312.00
139 8791812.00
140 10571696.00
141 11721740.00
142 11724872.00
143 11965458.00
144 11187112.00
145 11140040.00
146 7179584.00
147 8083743.00
148 11702733.00
149 11445507.00
150 8318896.00
151 8911768.00
152 12484033.00
153 14435685.00
154 10433903.00
155 7038814.00
156 7479509.00
157 12730857.00
158 10511284.00
159 10772960.00
160 13039914.00
161 13190772.00
162 16413237.00
163 10154064.00
164 10260667.00
165 7774050.00
166 9675086.00
167 12876815.00
168 13265800.00
169 13146644.00
170 8609231.00
171 9077391.00
172 14029353.00
173 14940928.00
174 2091147.00
175 2099435.00
176 15392221.00
177 14914389.00
178 14669508.00
179 12155090.00
180 11768703.00
181 15759020.00
182 15447541.00
183 14886997.00
184 11830865.00
185 12111639.00
186 15782915.00
187 15185402.00
188 16511991.00
189 15822782.00
190 17075672.00
191 16254784.00
192 17769870.00
193 1246.00
194 14849429.00
195 17168944.00
196 17054116.00
197 16169338.00
198 13550416.00
199 13401000.00
200 18870260.00
201 14129074.00
202 13758114.00
203 18699248.00
204 18981016.00
205 9259370.00
206 20305284.00
207 19707704.00
208 4084071.00
209 17817468.00
210 18979692.00
211 16786348.00
212 18113988.00
213 17814456.00
214 19988520.00
215 28278896.00
216 18511720.00
217 0.00
218 21210034.00
219 20778596.00
220 19746492.00
221 22635432.00
222 21274732.00
223 25706200.00
224 20993516.00
225 49613.00
226 6177213.00
227 12207724.00
228 23439784.00
229 23842620.00
230 2416987.00
231 24794498.00
232 26580952.00
233 14011466.00
234 22099308.00
235 25361690.00
236 26985332.00
237 24906512.00
238 24202572.00
239 21507184.00
240 23443416.00
241 26434326.00
242 30168144.00
243 25802912.00
244 23689420.00
245 26757080.00
246 27319178.00
247 27554692.00
248 28449814.00
249 28426374.00
250 32394342.00
251 24083532.00
252 28770220.00
253 27348542.00
254 0.00
255 0.00
256 28742042.00
257 33154476.00
258 32158448.00
259 34672664.00
260 32315906.00
261 33015112.00
262 33391266.00
263 25481900.00
264 395284.00
265 339204.00
266 29579784.00
267 34283388.00
268 30046880.00
269 32359080.00
270 38828748.00
271 37469352.00
272 39694256.00
273 33498954.00
274 30387910.00
275 37250328.00
276 37381084.00
277 37454744.00
278 104360.00
279 38869812.00
280 42766948.00
281 31676152.00
282 39596000.00
283 39260068.00
284 44802576.00
285 26759516.00
286 44080760.00
287 40542672.00
288 25677664.00
289 45423400.00
290 46242016.00
291 32765472.00
292 21797052.00
293 22277918.00
294 40809752.00
295 33585712.00
296 43478640.00
297 45226008.00
298 44118820.00
299 42878588.00
300 52472196.00
301 44895992.00
302 48660544.00
303 45030024.00
304 48601156.00
305 29721294.00
306 45905380.00
307 60575080.00
308 54792840.00
309 62352012.00
310 58397300.00
311 59357848.00
312 67583320.00
313 65765712.00
314 63866824.00
315 47435000.00
316 63868800.00
317 66584468.00
318 73752448.00
319 78696088.00
320 70262872.00
321 75320824.00
322 79659016.00
323 76360176.00
324 65623892.00
325 64951792.00
326 76937296.00
327 78535264.00
328 91172248.00
329 75820024.00
330 99088024.00
331 105230672.00
332 96141816.00
333 105247896.00
334 101910608.00
335 111180920.00
336 112436664.00
337 107270320.00
338 99840104.00
339 132325608.00
340 128766320.00
341 120674992.00
342 113146216.00
343 133304224.00
344 153159232.00
345 164845456.00
346 159446800.00
347 133801584.00
348 187164160.00
349 194035520.00
350 95088632.00
351 88756304.00
352 195111360.00
